200 4 0.0004345
200 8 0.0002243
200 16 0.0002348
200 32 0.0003223
400 4 0.003368
400 8 0.001660
400 16 0.001657
400 32 0.001865
500 4 0.006477
500 8 0.003237
500 16 0.003277
500 32 0.003312
800 4 0.02602
800 8 0.01301
800 16 0.01299
800 32 0.01316
1200 4 0.07241
1200 8 0.04383
1200 16 0.04366
1200 32 0.04420
1600 4 0.1483
1600 8 0.1020
1600 16 0.1039
1600 32 0.1031
2000 4 0.266485
2000 8 0.1644
2000 16 0.1402
2000 32 0.1355
2500 4 0.506881
2500 8 0.261758
2500 16 0.262794
2500 32 0.232743
3000 4 0.9266
3000 8 0.4735
3000 16 0.4934
3000 32 0.4244